,gb_opt,gb_ipw_opt,wrangler
0,0.47840309143066406,0.49213647842407227,0.0023360646099125576
