,gb_opt,gb_ipw_opt,wrangler
0,0.04934191703796387,0.052617549896240234,0.0032874254079965446
