,gb_opt,gb_ipw_opt,wrangler
0,0.03506946563720703,0.038831233978271484,0.006380677223205566
