,gb_opt,gb_ipw_opt,wrangler
0,0.14039945602416992,0.14844560623168945,0.0023277025864903173
